363114.04009
1326889.91501
1266418.87894
1220703.00000
1220703.00000
1220703.00000
1220703.00000
1220703.00000
1220703.00000
1231255.72438
1281738.00000
1281738.00000
1289963.49902
1327521.06417
1220703.00000
1220703.00000
1220703.00000
1220703.00000
1229661.91702
1342773.00000
1342773.00000
1345185.29357
1402166.36168
1341863.93710
1281676.29398
1221487.02517
1220703.00000
1220703.00000
1220703.00000
1220703.00000
1220703.00000
1220703.00000
1443560.18572
1409906.47875
1403808.00000
1350253.59378
1236823.42072
1220703.00000
1220703.00000
1220703.00000
1220703.00000
1220703.00000
1220703.00000
1220703.00000
1220703.00000
1173781.89695
1159667.00000
1159667.00000
1294569.68576
1342773.00000
1386546.33418
1403808.00000
1403808.00000
1319493.45932
1240172.89715
1179733.92222
1159667.00000
1278121.02867
1265295.80430
1220703.00000
1220703.00000
1220703.00000
1220703.00000
1220703.00000
1220703.00000
1186303.39213
1159667.00000
1159667.00000
1159667.00000
1287702.05002
1372362.62315
1280947.66021
1190340.29541
1189390.45626
1191606.23274
1188174.65780
1220703.00000
1220703.00000
1220703.00000
1194485.73980
1159667.00000
1209924.16316
1281738.00000
1281738.00000
1258317.87388
1220703.00000
1198465.85008
1159667.00000
1180554.37802
1220703.00000
1201191.15297
1178420.86325
1220703.00000
1220703.00000
1203662.97220
1176161.31730
1220703.00000
1205293.69760
1204208.30902
1342773.00000
1356536.12575
1364137.54957
1220703.00000
1220703.00000
1220703.00000
1220703.00000
1220703.00000
1220703.00000
1220703.00000
1220703.00000
1220703.00000
1220703.00000
1220703.00000
1220703.00000
1227249.08325
1287674.21626
1342773.00000
1333230.60359
1220703.00000
1220703.00000
1220703.00000
1220703.00000
1220703.00000
1220703.00000
1220703.00000
1221442.21798
1342366.63193
1403074.39394
1403808.00000
1226117.66858
1279387.83753
1281738.00000
1224229.48428
1448470.73098
1295700.53997
1225927.47272
1220703.00000
1220703.00000
1274864.12438
1442620.51113
1358669.75851
1342773.00000
1238733.68931
1220703.00000
1169729.59970
1260511.16995
1231836.55650
1220703.00000
1220703.00000
1220703.00000
1172923.44027
1206926.53657
1220703.00000
1266975.21527
1327495.17048
1297517.28198
1236952.77392
1264990.49644
1237986.03086
1220703.00000
1220703.00000
1220703.00000
1220703.00000
1220703.00000
1301673.40702
1262959.65761
1220703.00000
1220703.00000
1220703.00000
1220703.00000
1183700.55383
1196092.41762
1220703.00000
1220703.00000
1255441.21283
1281738.00000
1248137.42362
1286828.11560
1277723.28512
1220703.00000
1220703.00000
1220703.00000
1220703.00000
1220703.00000
1336881.43149
1407870.14746
1286902.56769
1220703.00000
1247528.39836
1360454.50951
1439189.06674
1353669.56814
1281738.00000
1257793.61533
1220703.00000
1220703.00000
1243017.06102
1259925.52754
1199510.87656
1159667.00000
1179186.55150
1220703.00000
1220703.00000
1220703.00000
1220703.00000
1220703.00000
1220703.00000
1220703.00000
1258282.28839
1392259.09907
1332226.92704
1272189.21888
1220703.00000
1220703.00000
1220703.00000
1214752.34374
1164910.13884
1230082.91778
1342773.00000
1342773.00000
1339881.11236
1279781.98024
1220703.00000
1220703.00000
1160800.01434
1218594.18474
1220703.00000
1220703.00000
1220703.00000
1220703.00000
1220703.00000
1220703.00000
1326655.48687
1447208.25925
1258293.48107
1322962.42558
1393390.08601
1403808.00000
1403808.00000
1257773.90036
1220703.00000
1220703.00000
1220703.00000
1220703.00000
1220703.00000
1220703.00000
1220703.00000
1179704.89304
1199588.07197
1220703.00000
1220703.00000
1220703.00000
1220703.00000
1220703.00000
1220703.00000
1289506.11433
1342773.00000
1277940.57920
1220703.00000
1220703.00000
1220703.00000
1220703.00000
1220703.00000
1247287.98614
1256265.29840
1220703.00000
1220703.00000
1220703.00000
1220703.00000
1220703.00000
1220703.00000
1220703.00000
1220703.00000
1220703.00000
1220703.00000
1220703.00000
1220703.00000
1246908.60240
1366986.65380
1453715.74615
1403808.00000
1375018.29356
1220703.00000
1220703.00000
1220703.00000
1220703.00000
1225942.89361
1286016.61074
1346418.96943
1394454.61562
1220703.00000
1220703.00000
1220703.00000
1220703.00000
1220703.00000
1220703.00000
1220703.00000
1220703.00000
1220703.00000
1220703.00000
1220703.00000
1220703.00000
1220703.00000
1220703.00000
1220703.00000
1220703.00000
1220703.00000
1220703.00000
1220703.00000
1220703.00000
1267398.12367
1419522.55260
1464843.00000
1464843.00000
1422762.59564
1403808.00000
1363825.23313
1381788.11659
1327342.73020
1206909.94988
1196152.14988
1220703.00000
1220703.00000
1220703.00000
1220703.00000
1188779.57473
1190592.20360
1220703.00000
1220703.00000
1220703.00000
1220703.00000
1300123.01430
1327362.96391
1196217.01725
1183163.82420
1220703.00000
1220703.00000
1220703.00000
1220703.00000
1220703.00000
1220703.00000
1238076.01035
1298147.60850
1342773.00000
1328290.11258
1281738.00000
1281738.00000
1270125.78749
1220703.00000
1210594.77019
1168824.37036
1220703.00000
1220703.00000
1233232.36032
1342773.00000
1342773.00000
1339396.41477
1279334.18261
1220703.00000
1220703.00000
1220703.00000
1220703.00000
1220703.00000
1220703.00000
1220703.00000
1220703.00000
1386067.77299
1187151.17186
1212852.60979
1220703.00000
1220703.00000
1220703.00000
1220703.00000
1220703.00000
1220703.00000
1220703.00000
1220703.00000
1220703.00000
1220703.00000
1220703.00000
1220703.00000
1220703.00000
1220703.00000
1220703.00000
1182701.73430
1196694.97774
1220703.00000
1220703.00000
1323077.90591
1337042.98017
1248908.33317
1220703.00000
1220703.00000
1220703.00000
1220703.00000
1220703.00000
1220703.00000
1194237.85125
1185178.76203
1220703.00000
1220703.00000
1220703.00000
1220703.00000
1241940.75811
1281738.00000
1262427.13850
1220703.00000
1220703.00000
1220703.00000
1236141.05951
1325213.72535
1451299.34411
1378648.23044
1293346.33845
1342773.00000
1371937.00141
1525878.00000
1492650.27248
1296480.31278
1390961.91976
1276257.97677
1220703.00000
1220703.00000
1220703.00000
1220703.00000
1220703.00000
1220703.00000
1220703.00000
1220703.00000
1220703.00000
1336397.84998
1285905.43893
1281738.00000
1281738.00000
1227787.23811
1220703.00000
1220703.00000
1220703.00000
1220703.00000
1220703.00000
1269232.68027
1376830.64270
1264097.13258
1220703.00000
1354706.10297
1403808.00000
1361060.26707
1509974.57541
1423476.29499
1262950.12128
1220703.00000
1220703.00000
1220703.00000
1220703.00000
1185398.43303
1228663.52120
1281738.00000
1281738.00000
1249987.07023
1189968.48883
1189375.53931
1220703.00000
1220703.00000
1220703.00000
1272322.73581
1293134.69087
1220703.00000
1266476.99553
1320750.66832
1239108.95657
1180098.34331
1220703.00000
1220703.00000
1220703.00000
1220703.00000
1205174.75534
1174231.33925
1220703.00000
1220703.00000
1232361.40780
1271037.28161
1220703.00000
1220703.00000
1220703.00000
1220703.00000
1220703.00000
1225621.76324
1281738.00000
1287809.49238
1401727.64211
1341670.40999
1281591.25233
1221512.72630
1220703.00000
1162433.88151
1216971.55180
1164394.59751
1214997.51457
1220703.00000
1220703.00000
1220703.00000
1220703.00000
210929.86072
