8.02553
2.85194
8.94238
12.99039
18.59934
24.80500
24.36757
21.86728
20.25141
20.78956
16.40731
16.14948
10.30684
18.40183
23.76531
30.03280
26.34584
19.64277
6.48931
4.07833
8.02384
14.15682
15.87649
14.88300
15.33493
18.22590
23.76007
30.03521
23.15526
14.10704
16.53484
11.96119
0.28531
2.97411
7.82325
14.36050
11.94485
19.84400
20.22319
26.23441
28.36637
24.72085
22.26264
19.72821
12.34738
3.41203
6.72434
6.47619
9.81992
7.53653
11.60235
7.69355
3.39111
11.14767
19.15648
19.84400
18.73305
10.48005
6.83155
15.55217
20.79464
28.53353
31.85881
19.81666
12.72521
9.24064
15.70367
21.33231
20.36190
16.93117
20.92437
14.22237
6.42317
7.94466
13.71722
18.64886
13.62626
17.41755
21.60153
18.85093
17.36300
14.82670
9.47160
11.47990
13.95107
21.02317
22.44142
25.86527
21.72378
24.88219
29.76600
33.75318
24.02667
9.77315
9.21222
10.08834
11.30770
17.55544
22.38274
26.11543
22.27188
15.51015
13.67984
9.45114
7.51669
12.83852
14.57956
7.29433
5.34549
9.47181
8.14480
8.27726
14.96300
21.29944
19.00747
11.47817
14.75988
23.00789
26.67340
22.00812
23.90965
31.13215
28.34713
16.58546
15.80484
0.00000
1.08793
5.49214
8.68071
14.30927
17.93408
17.36300
18.15175
23.85216
25.74089
22.11096
18.83900
6.46421
2.83549
12.43000
13.05357
14.95950
19.83836
21.06098
19.88684
19.84400
27.98494
29.67692
24.09252
21.33887
11.22736
7.18183
8.93549
11.92469
10.51296
3.51996
7.46465
12.11569
18.44644
21.79135
18.49731
6.11565
12.56974
19.70848
19.10264
21.92087
21.76685
18.58245
17.36300
21.24179
25.85627
28.03843
19.66641
10.76496
10.14307
15.59379
23.47854
23.45107
19.84400
20.98033
11.80791
2.24338
7.66197
13.23245
18.10407
22.03458
21.27787
17.80772
18.60400
19.83950
20.75744
18.10485
21.94512
28.27280
27.61056
15.34842
7.30127
3.03692
7.03652
10.78400
12.20851
20.22273
23.38989
29.18278
23.66826
12.57874
1.88531
10.31815
12.01727
15.03355
18.77415
22.36773
17.46005
16.14549
16.20073
19.77430
25.76393
14.59292
8.01745
16.32631
21.76156
27.76832
22.08367
23.19068
26.66446
28.29937
27.53140
25.33728
22.88499
10.66686
4.86490
4.13400
5.60085
9.36074
11.50894
6.30727
7.82653
15.69953
22.51931
23.32195
15.08047
12.75271
16.04318
19.85913
22.32400
19.81040
15.52654
16.03073
20.33884
18.41714
10.99922
10.61089
14.38514
14.59710
19.80237
26.93883
30.68159
31.43133
16.96189
0.00000
3.69833
10.71230
4.51000
7.08339
15.87791
17.96037
18.13494
15.54956
20.24719
29.08412
31.07703
22.82917
15.92798
3.47992
4.91052
10.69651
20.31493
25.95584
22.27676
18.60754
28.55015
24.93402
18.90821
20.92251
14.90521
9.18244
14.17873
23.59855
21.70134
16.99830
18.18100
10.60006
1.78642
3.87375
11.10861
12.55004
14.22224
16.66370
19.97707
21.08400
21.82862
24.71498
26.83685
24.19626
17.05700
5.58156
0.00000
4.41246
7.45171
9.94585
16.32132
16.03342
16.09625
19.84400
22.72668
26.60203
27.28500
27.80371
26.52457
20.49398
17.22910
15.79835
8.12635
10.22525
17.58262
21.33375
25.51061
23.28648
10.75866
6.22055
8.97902
14.42072
11.70987
9.70389
2.21100
2.27939
5.51778
14.67277
10.79771
20.08000
19.69425
14.88300
15.07268
18.56037
17.26645
12.42381
18.52771
27.08889
18.91760
9.52053
14.27211
20.70572
23.38763
27.95703
30.67952
18.31492
16.12300
4.82117
2.48000
6.14308
15.00788
19.23043
10.57229
1.99540
4.68316
7.53804
2.51012
9.10639
16.34354
24.69578
30.35640
34.22921
30.21707
21.85047
10.12606
5.49318
10.88018
15.83295
20.45277
18.09767
13.57079
17.70641
18.36031
14.31086
14.08018
12.94370
8.85893
10.92282
18.89346
23.20359
26.18820
25.06584
23.20008
11.26295
16.77607
19.36465
9.92200
8.89557
6.26962
12.13284
14.23521
17.54126
19.23710
23.84268
26.52251
28.88795
4.41632
0.53637
10.87760
13.64832
20.09732
27.18941
34.50845
24.07100
21.23568
18.79609
20.85218
25.50230
26.04500
30.30568
4.86947
0.00000
0.00000
0.00000
0.00000
0.00000
0.00000
0.00000
0.00000
0.00000
0.00000
0.00000
0.00000
0.00000
0.00000
0.00000
0.00000
0.00000
0.00000
0.00000
0.00000
0.00000
0.00000
0.00000
0.00000
0.00000
0.00000
0.00000
0.00000
0.00000
0.00000
0.00000
0.00000
0.00000
0.00000
0.00000
0.00000
0.00000
0.00000
0.00000
0.00000
0.00000
0.00000
0.00000
0.00000
0.00000
0.00000
0.00000
0.00000
0.00000
0.00000
0.00000
0.00000
0.00000
0.00000
0.00000
0.00000
0.00000
0.00000
0.00000
0.00000
0.00000
0.00000
0.00000
0.00000
0.00000
0.00000
0.00000
0.00000
0.00000
0.00000
0.00000
0.00000
0.00000
0.00000
0.00000
0.00000
0.00000
0.00000
0.00000
0.00000
0.00000
0.00000
